1,1,1,2023-01-01
2,1,2,2023-01-01
3,1,3,2023-01-01
4,1,4,2023-01-01
5,1,5,2023-01-01
6,2,6,2023-01-02
7,2,7,2023-01-02
8,2,8,2023-01-02
9,2,9,2023-01-02
10,2,10,2023-01-02
11,3,11,2023-01-03
12,3,12,2023-01-03
13,3,13,2023-01-03
14,3,14,2023-01-03
15,3,15,2023-01-03
16,4,16,2023-01-04
17,4,17,2023-01-04
18,4,18,2023-01-04
19,4,19,2023-01-04
20,4,20,2023-01-04
21,5,21,2023-01-05
22,5,22,2023-01-05
23,5,23,2023-01-05
24,5,24,2023-01-05
25,5,25,2023-01-05
26,6,26,2023-01-06
27,6,27,2023-01-06
28,6,28,2023-01-06
29,6,29,2023-01-06
30,6,30,2023-01-06
31,7,31,2023-01-07
32,7,32,2023-01-07
33,7,33,2023-01-07
34,7,34,2023-01-07
35,7,35,2023-01-07
36,8,36,2023-01-08
37,8,37,2023-01-08
38,8,38,2023-01-08
39,8,39,2023-01-08
40,8,40,2023-01-08
41,9,41,2023-01-09
42,9,42,2023-01-09
43,9,43,2023-01-09
44,9,44,2023-01-09
45,9,45,2023-01-09
46,10,46,2023-01-10
47,10,47,2023-01-10
48,10,48,2023-01-10
49,10,49,2023-01-10
50,10,50,2023-01-10
51,11,51,2023-01-11
52,11,52,2023-01-11
53,11,53,2023-01-11
54,11,54,2023-01-11
55,11,55,2023-01-11
56,12,56,2023-01-12
57,12,57,2023-01-12
58,12,58,2023-01-12
59,12,59,2023-01-12
60,12,60,2023-01-12
61,13,61,2023-01-13
62,13,62,2023-01-13
63,13,63,2023-01-13
64,13,64,2023-01-13
65,13,65,2023-01-13
66,14,66,2023-01-14
67,14,67,2023-01-14
68,14,68,2023-01-14
69,14,69,2023-01-14
70,14,70,2023-01-14
71,15,71,2023-01-15
72,15,72,2023-01-15
73,15,73,2023-01-15
74,15,74,2023-01-15
75,15,75,2023-01-15
76,16,76,2023-01-16
77,16,77,2023-01-16
78,16,78,2023-01-16
79,16,79,2023-01-16
80,16,80,2023-01-16
81,17,81,2023-01-17
82,17,82,2023-01-17
83,17,83,2023-01-17
84,17,84,2023-01-17
85,17,85,2023-01-17
86,18,86,2023-01-18
87,18,87,2023-01-18
88,18,88,2023-01-18
89,18,89,2023-01-18
90,18,90,2023-01-18
91,19,91,2023-01-19
92,19,92,2023-01-19
93,19,93,2023-01-19
94,19,94,2023-01-19
95,19,95,2023-01-19
96,20,96,2023-01-20
97,20,97,2023-01-20
98,20,98,2023-01-20
99,20,99,2023-01-20
100,20,100,2023-01-20
101,21,101,2023-01-21
102,21,102,2023-01-21
103,21,103,2023-01-21
104,21,104,2023-01-21
105,21,105,2023-01-21
106,22,106,2023-01-22
107,22,107,2023-01-22
108,22,108,2023-01-22
109,22,109,2023-01-22
110,22,110,2023-01-22
111,23,111,2023-01-23
112,23,112,2023-01-23
113,23,113,2023-01-23
114,23,114,2023-01-23
115,23,115,2023-01-23
116,24,116,2023-01-24
117,24,117,2023-01-24
118,24,118,2023-01-24
119,24,119,2023-01-24
120,24,120,2023-01-24
121,25,121,2023-01-25
122,25,122,2023-01-25
123,25,123,2023-01-25
124,25,124,2023-01-25
125,25,125,2023-01-25
126,26,126,2023-01-26
127,26,127,2023-01-26
128,26,128,2023-01-26
129,26,129,2023-01-26
130,26,130,2023-01-26
131,27,131,2023-01-27
132,27,132,2023-01-27
133,27,133,2023-01-27
134,27,134,2023-01-27
135,27,135,2023-01-27
136,28,136,2023-01-28
137,28,137,2023-01-28
138,28,138,2023-01-28
139,28,139,2023-01-28
140,28,140,2023-01-28
141,29,141,2023-01-29
142,29,142,2023-01-29
143,29,143,2023-01-29
144,29,144,2023-01-29
145,29,145,2023-01-29
146,30,146,2023-01-30
147,30,147,2023-01-30
148,30,148,2023-01-30
149,30,149,2023-01-30
150,30,150,2023-01-30
151,31,151,2023-01-31
152,31,152,2023-01-31
153,31,153,2023-01-31
154,31,154,2023-01-31
155,31,155,2023-01-31
156,32,156,2023-02-01
157,32,157,2023-02-01
158,32,158,2023-02-01
159,32,159,2023-02-01
160,32,160,2023-02-01
161,33,161,2023-02-02
162,33,162,2023-02-02
163,33,163,2023-02-02
164,33,164,2023-02-02
165,33,165,2023-02-02
166,34,166,2023-02-03
167,34,167,2023-02-03
168,34,168,2023-02-03
169,34,169,2023-02-03
170,34,170,2023-02-03
171,35,171,2023-02-04
172,35,172,2023-02-04
173,35,173,2023-02-04
174,35,174,2023-02-04
175,35,175,2023-02-04
176,36,176,2023-02-05
177,36,177,2023-02-05
178,36,178,2023-02-05
179,36,179,2023-02-05
180,36,180,2023-02-05
181,37,181,2023-02-06
182,37,182,2023-02-06
183,37,183,2023-02-06
184,37,184,2023-02-06
185,37,185,2023-02-06
186,38,186,2023-02-07
187,38,187,2023-02-07
188,38,188,2023-02-07
189,38,189,2023-02-07
190,38,190,2023-02-07
191,39,191,2023-02-08
192,39,192,2023-02-08
193,39,193,2023-02-08
194,39,194,2023-02-08
195,39,195,2023-02-08
196,40,196,2023-02-09
197,40,197,2023-02-09
198,40,198,2023-02-09
199,40,199,2023-02-09
200,40,200,2023-02-09
201,41,201,2023-02-10
202,41,202,2023-02-10
203,41,203,2023-02-10
204,41,204,2023-02-10
205,41,205,2023-02-10
206,42,206,2023-02-11
207,42,207,2023-02-11
208,42,208,2023-02-11
209,42,209,2023-02-11
210,42,210,2023-02-11
211,43,211,2023-02-12
212,43,212,2023-02-12
213,43,213,2023-02-12
214,43,214,2023-02-12
215,43,215,2023-02-12
216,44,216,2023-02-13
217,44,217,2023-02-13
218,44,218,2023-02-13
219,44,219,2023-02-13
220,44,220,2023-02-13
221,45,221,2023-02-14
222,45,222,2023-02-14
223,45,223,2023-02-14
224,45,224,2023-02-14
225,45,225,2023-02-14
226,46,226,2023-02-15
227,46,227,2023-02-15
228,46,228,2023-02-15
229,46,229,2023-02-15
230,46,230,2023-02-15
231,47,231,2023-02-16
232,47,232,2023-02-16
233,47,233,2023-02-16
234,47,234,2023-02-16
235,47,235,2023-02-16
236,48,236,2023-02-17
237,48,237,2023-02-17
238,48,238,2023-02-17
239,48,239,2023-02-17
240,48,240,2023-02-17
241,49,241,2023-02-18
242,49,242,2023-02-18
243,49,243,2023-02-18
244,49,244,2023-02-18
245,49,245,2023-02-18
246,50,246,2023-02-19
247,50,247,2023-02-19
248,50,248,2023-02-19
249,50,249,2023-02-19
250,50,250,2023-02-19
251,51,251,2023-02-20
252,51,252,2023-02-20
253,51,253,2023-02-20
254,51,254,2023-02-20
255,51,255,2023-02-20
256,52,256,2023-02-21
257,52,257,2023-02-21
258,52,258,2023-02-21
259,52,259,2023-02-21
260,52,260,2023-02-21
261,53,261,2023-02-22
262,53,262,2023-02-22
263,53,263,2023-02-22
264,53,264,2023-02-22
265,53,265,2023-02-22
266,54,266,2023-02-23
267,54,267,2023-02-23
268,54,268,2023-02-23
269,54,269,2023-02-23
270,54,270,2023-02-23
271,55,271,2023-02-24
272,55,272,2023-02-24
273,55,273,2023-02-24
274,55,274,2023-02-24
275,55,275,2023-02-24
276,56,276,2023-02-25
277,56,277,2023-02-25
278,56,278,2023-02-25
279,56,279,2023-02-25
280,56,280,2023-02-25
281,57,281,2023-02-26
282,57,282,2023-02-26
283,57,283,2023-02-26
284,57,284,2023-02-26
285,57,285,2023-02-26
286,58,286,2023-02-27
287,58,287,2023-02-27
288,58,288,2023-02-27
289,58,289,2023-02-27
290,58,290,2023-02-27
291,59,291,2023-02-28
292,59,292,2023-02-28
293,59,293,2023-02-28
294,59,294,2023-02-28
295,59,295,2023-02-28
296,60,296,2023-03-01
297,60,297,2023-03-01
298,60,298,2023-03-01
299,60,299,2023-03-01
300,60,300,2023-03-01
301,61,301,2023-03-02
302,61,302,2023-03-02
303,61,303,2023-03-02
304,61,304,2023-03-02
305,61,305,2023-03-02
306,62,306,2023-03-03
307,62,307,2023-03-03
308,62,308,2023-03-03
309,62,309,2023-03-03
310,62,310,2023-03-03
311,63,311,2023-03-04
312,63,312,2023-03-04
313,63,313,2023-03-04
314,63,314,2023-03-04
315,63,315,2023-03-04
316,64,316,2023-03-05
317,64,317,2023-03-05
318,64,318,2023-03-05
319,64,319,2023-03-05
320,64,320,2023-03-05
321,65,321,2023-03-06
322,65,322,2023-03-06
323,65,323,2023-03-06
324,65,324,2023-03-06
325,65,325,2023-03-06
326,66,326,2023-03-07
327,66,327,2023-03-07
328,66,328,2023-03-07
329,66,329,2023-03-07
330,66,330,2023-03-07
331,67,331,2023-03-08
332,67,332,2023-03-08
333,67,333,2023-03-08
334,67,334,2023-03-08
335,67,335,2023-03-08
336,68,336,2023-03-09
337,68,337,2023-03-09
338,68,338,2023-03-09
339,68,339,2023-03-09
340,68,340,2023-03-09
341,69,341,2023-03-10
342,69,342,2023-03-10
343,69,343,2023-03-10
344,69,344,2023-03-10
345,69,345,2023-03-10
346,70,346,2023-03-11
347,70,347,2023-03-11
348,70,348,2023-03-11
349,70,349,2023-03-11
350,70,350,2023-03-11
351,71,351,2023-03-12
352,71,352,2023-03-12
353,71,353,2023-03-12
354,71,354,2023-03-12
355,71,355,2023-03-12
356,72,356,2023-03-13
357,72,357,2023-03-13
358,72,358,2023-03-13
359,72,359,2023-03-13
360,72,360,2023-03-13
361,73,361,2023-03-14
362,73,362,2023-03-14
363,73,363,2023-03-14
364,73,364,2023-03-14
365,73,365,2023-03-14
366,74,366,2023-03-15
367,74,367,2023-03-15
368,74,368,2023-03-15
369,74,369,2023-03-15
370,74,370,2023-03-15
371,75,371,2023-03-16
372,75,372,2023-03-16
373,75,373,2023-03-16
374,75,374,2023-03-16
375,75,375,2023-03-16
376,76,376,2023-03-17
377,76,377,2023-03-17
378,76,378,2023-03-17
379,76,379,2023-03-17
380,76,380,2023-03-17
381,77,381,2023-03-18
382,77,382,2023-03-18
383,77,383,2023-03-18
384,77,384,2023-03-18
385,77,385,2023-03-18
386,78,386,2023-03-19
387,78,387,2023-03-19
388,78,388,2023-03-19
389,78,389,2023-03-19
390,78,390,2023-03-19
391,79,391,2023-03-20
392,79,392,2023-03-20
393,79,393,2023-03-20
394,79,394,2023-03-20
395,79,395,2023-03-20
396,80,396,2023-03-21
397,80,397,2023-03-21
398,80,398,2023-03-21
399,80,399,2023-03-21
400,80,400,2023-03-21
401,81,401,2023-03-22
402,81,402,2023-03-22
403,81,403,2023-03-22
404,81,404,2023-03-22
405,81,405,2023-03-22
406,82,406,2023-03-23
407,82,407,2023-03-23
408,82,408,2023-03-23
409,82,409,2023-03-23
410,82,410,2023-03-23
411,83,411,2023-03-24
412,83,412,2023-03-24
413,83,413,2023-03-24
414,83,414,2023-03-24
415,83,415,2023-03-24
416,84,416,2023-03-25
417,84,417,2023-03-25
418,84,418,2023-03-25
419,84,419,2023-03-25
420,84,420,2023-03-25
421,85,421,2023-03-26
422,85,422,2023-03-26
423,85,423,2023-03-26
424,85,424,2023-03-26
425,85,425,2023-03-26
426,86,426,2023-03-27
427,86,427,2023-03-27
428,86,428,2023-03-27
429,86,429,2023-03-27
430,86,430,2023-03-27
431,87,431,2023-03-28
432,87,432,2023-03-28
433,87,433,2023-03-28
434,87,434,2023-03-28
435,87,435,2023-03-28
436,88,436,2023-03-29
437,88,437,2023-03-29
438,88,438,2023-03-29
439,88,439,2023-03-29
440,88,440,2023-03-29
441,89,441,2023-03-30
442,89,442,2023-03-30
443,89,443,2023-03-30
444,89,444,2023-03-30
445,89,445,2023-03-30
446,90,446,2023-03-31
447,90,447,2023-03-31
448,90,448,2023-03-31
449,90,449,2023-03-31
450,90,450,2023-03-31
451,91,451,2023-04-01
452,91,452,2023-04-01
453,91,453,2023-04-01
454,91,454,2023-04-01
455,91,455,2023-04-01
456,92,456,2023-04-02
457,92,457,2023-04-02
458,92,458,2023-04-02
459,92,459,2023-04-02
460,92,460,2023-04-02
461,93,461,2023-04-03
462,93,462,2023-04-03
463,93,463,2023-04-03
464,93,464,2023-04-03
465,93,465,2023-04-03
466,94,466,2023-04-04
467,94,467,2023-04-04
468,94,468,2023-04-04
469,94,469,2023-04-04
470,94,470,2023-04-04
471,95,471,2023-04-05
472,95,472,2023-04-05
473,95,473,2023-04-05
474,95,474,2023-04-05
475,95,475,2023-04-05
476,96,476,2023-04-06
477,96,477,2023-04-06
478,96,478,2023-04-06
479,96,479,2023-04-06
480,96,480,2023-04-06
481,97,481,2023-04-07
482,97,482,2023-04-07
483,97,483,2023-04-07
484,97,484,2023-04-07
485,97,485,2023-04-07
486,98,486,2023-04-08
487,98,487,2023-04-08
488,98,488,2023-04-08
489,98,489,2023-04-08
490,98,490,2023-04-08
491,99,491,2023-04-09
492,99,492,2023-04-09
493,99,493,2023-04-09
494,99,494,2023-04-09
495,99,495,2023-04-09
496,100,496,2023-04-10
497,100,497,2023-04-10
498,100,498,2023-04-10
499,100,499,2023-04-10
500,100,500,2023-04-10 